1 62600 62000 57100
2 3310000 4020000 5470
3 13600 21500 21000
4 29500 19400 18400
5 32800 2110 3120
6 3350 1260 21
7 2180 466 1020
8 1230 630 817
9 218 395 215
10 61100 20000 1670
11 413 2230 275
12 1030 220 214
13 431 1050 420
14 1290 2600 442
15 2250 1650 1440
16 1240 2250 1250
17 2750 2170 1880
18 624 210 415
19 1910 2990 3990
20 20100 308 640
21 1460 439 418
22 274 810 2
23 887 415 275
24 1020 328 292
25 213 633 202
26 462 428 629
27 3130 627000 1700
28 441 440 836
29 222 221000 813
30 1050 1610 422
31 1120 2060 458
32 48900 430000 4880
33 84100 15 10
34 1040 1040 649
35 -1 828 428
36 1690 13100 1650
37 907 1480 1880
38 444 4930 1040
39 1930 7700 632
40 646 464 647
41 852 837 1040
42 662 32700 1040
43 1030 441 218
44 855 1250 838
45 432 5410000 531
46 573 4100 825
47 1030 843 826
48 52 508 5
49 657 1460 426
50 2660000 548000 217
51 215 226 215
52 1030 839 419
53 693 1710 448
54 229 1030 829
55 690 640 429
56 1690 75100 1880
57 1480 7270 827
58 2080 1270 2050
59 1080 15100 1890
60 259 471 1440
61 235 235 427
62 321000 499000 9130
63 426 2930 2710
64 208 6230 1650
65 347000 363000 1260
66 432 1380 209
67 4890 3420000 837
68 706 1590 628
69 1150 3330 -1
70 1300 1670 1250
71 824 -1 431
72 1920 980000 1680
73 3260 4250 1680
74 18700 23600 21100
75 1950 116000 1720
76 1570 2380 649
77 1060 1100 238
78 625 840 839
79 2500 2320 1300
80 459 8670 3900
81 1270 8300 206
82 662 1460 1260
83 236 2780 1490
84 66 1710 827
85 1160 219 214
86 1260 595 828
87 861 984 1440
88 1330 656 1250
89 1270 875 1040
90 1940 2130 648
91 314 1630 1040
92 914 1050 647
93 273 218 822
94 -1 907 1050
95 234 830 633
96 658 22900 629
97 660 431 628
98 643 441 634
99 4030 702000 422
100 3580 4290 3060
101 1380 43800 1420
102 6480 468 432
103 837 1720 701
104 832 50900 424
105 834 1690 1460
106 224 495 1020
107 1050 824 475
108 433 1320 1240
109 776 244 385
110 745 1900 435
111 45 1060 440
112 31 1450 -1
113 5090 4210 2690
114 9650 2530 2500
115 44000 1890 1270
116 639 226 417
117 1480 1510 1250
118 9570 670 638
119 2320 1920 445
120 2320 289 639
121 212 3070 435
122 42 56000 410
123 296 246 1030
124 834 227 640
125 223 2320 1030
126 1500 1220000 444
127 863 847 1040
128 77100 201000 833
129 526 846 443
130 846 21600 1430
131 428 84300 215
132 1200 1170 444
133 1310 -1 629
134 870 852 1250
135 2390 9410 838
136 2200 1930 1720
137 896 1750 660
138 421 1260 628
139 1040 249 626
140 28100 6840 2150
141 3300 -1 207
142 4000 62 0
143 1500 -1 631
144 923 2330 1070
145 2730 39000 1040
146 1450 27400 666
147 389 1340 628
148 1170 6240 837
149 25 46 22
150 663 636 632
151 -1 14600 214
152 35 91 1060
153 2470 2730 3340
154 3070 3110 2330
155 740 1350 226
156 1100 1950 1900
157 1450 3050 1870
158 423 504 211
159 1420000 1910 1880
160 505 759 635
161 215 1260 1220
162 1020 41300 211
163 1400 1460 1250
164 10500 13200 7680
165 794 401 365
166 643 2070 833
167 955 1240 233
168 465 1230 836
169 1140 1150 1440
170 24 721 627
171 538 239000 458
172 320 93 7
173 209 542 1440
174 889 37400 1260
175 986 767000 1040
176 290 418 329
177 912 604 403
178 362 -1 447
179 4730 4770000 1020
180 317000 7310 9040
181 276000 533 210
182 974 1870 641
183 152 2040 626
184 3300 3460 1050
185 75900 11600 851
186 3870 494000 1040
187 718 1210 1460
188 10000 11700 630
189 2110 3030 1650
190 572 1370 625
191 4490 9270 8100
192 348 -1 1450
193 631 4900 412
194 5250 4210 4810
195 688 930 201
196 588 613 631
197 997 -1 441
198 2010 2870 3150
199 -1 -1 1040
200 -1 -1 7160
201 -1 6540 5360
202 -1 1890 1470
203 1760 4840 2950
204 1450 463 1030
205 3820 3930 1900
206 7350 370000 5490
207 3280 2530 2280
208 204 258 -1
209 1880 127000 -1
210 -1 2370 1080
211 20800 2190 1670
212 1900 2550 857
213 1770 -1 1120
214 78 302 423
215 70 1760 1270
216 1890 5520 2470
217 2070 677 1670
218 1690 109 -1
219 629 504 418
220 627 628 209
221 28700 15500 410
222 1280 2020 201
223 647 1250 646
224 204 1700 901
225 -1 -1 623
226 680 1280 1250
227 -1 3350 2520
228 233 9450 -1
229 3650 5790 5480
230 1710 1930 894
231 1740 4760 1920
232 2110 1500 -1
233 3170 2540 1720
234 2160 4420 1270
235 1510 1720 1500
236 1730 4350 1670
237 -1 6540 848
238 893 1300 2090
239 2100 1500 2910
240 1500 1340 2090
241 33 629 206
242 2940 2120 852
243 2370 1810 843
244 -1 1740 1100
245 1100 3730 2310
246 2520 2110 849
247 2720 1930 2120
248 2120 1120 3130
249 2730 2330 2330
250 1950 2730 1320
251 6810 3030 850
252 2780 3340 1930
253 2130 2120 2730
254 1520 1940 3910
255 2130 1930 1320
256 2330 3330 1510
257 -1 2940 1480
258 3790 2320 1110
259 2330 1960 2120
260 3930 2730 2520
261 2330 2120 1690
262 -1 2120 2110
263 467 1500 1030
264 2720 3310 2700
265 2730 1700 1910
266 2940 3560 1660
267 2740 2320 2700
268 2120 1710 2310
269 1110 1710 893
270 1110 1510 2510
271 1530 4360 1930
272 2970 3950 3530
273 4640 2770 2670
274 2320 18300 1320
275 4380 1940 3330
276 3310 -1 3140
277 -1 2320 1490
278 3330 2330 1720
279 2130 2940 3130
280 2350 3160 3540
281 2940 1120 3540
282 1910 1710 1890
283 1910 2740 1490
284 2930 2350 1500
285 3160 1730 2720
286 1740 2940 2730
287 1520 2340 1920
288 2330 2330 -1
289 3750 1950 1300
290 2610 3330 1720
291 3140 1940 652
292 2340 1310 2520
293 4070 2530 2710
294 5350 2620 1440
295 1920 2530 1500
296 1940 2120 1110
297 4640 2550 442
298 2320 1520 1710
299 2730 -1 2530
300 1740 4850 1670
301 1510 3640 1690
302 912 1920 1920
303 5520 28300 433
304 1490 2320 1490
305 2100 2310 1910
306 2340 1510 1700
307 1910 1100 1450
308 7010 132000 2100
309 2740 2100 1490
310 2100 1300 889
311 1320 1710 1700
312 2320 2110 1090
313 683 702 1040
314 4410 1920 654
315 2110 2120 1260
316 10700 205000 1270
317 2920 1920 2310
318 3800 2110 1260
319 2530 2980 1040
320 2350 1710 1660
321 2100 1900 2700
322 887 1290 1470
323 1710 85200 1480
324 840 709 10
325 1510 4540 1280
326 1900 2010 849
327 2100 1110 1900
328 2250 2230 3650
329 1910 1700 1490
330 3260 7360 7570
331 1310 3370 1850
332 -1 2110 1480
333 2300 1490 1300
334 1910 2300 1490
335 1900 1490 1300
336 1940 1910 1700
337 5240 3120 1440
338 -1 2320 1920
339 1950 2740 3120
340 3150 2170 1480
341 2310 2540 1050
342 4640 560000 1700
343 1500 1700 1700
344 1330 9610 3310
345 2290 1480 1690
346 1290 1890 1680
347 1550 1490 1690
348 2560 2170 1690
349 1660 3130 1480
350 882 1910 235
351 1690 1500 1680
352 32 170 0
353 2100 1290 2
354 3350 2330 1690
355 27 46 1
356 1710 2700 1650
357 2600 6580 2510
358 1970 20000 2500
359 3190 61400 1680
360 1500 1700 2490
361 1900 1690 887
362 6390 3200 2680
363 3150 2100 1460
364 2710 1280000 1680
365 3940 1960 1270
366 2850 4190 1910
367 1290 1290 1480
368 2710 1900 1900
369 3160 1700 2300
370 1700 1480 1260
371 2990 -1 1280
372 3760 4390 872
373 1080 868 1060
374 2710 2510 2070
375 108 68 0
376 2540 1070 2270
377 1340 2920 861
378 2290 1070 2060
379 1490 1080 838
380 431 852 419
381 81 253 620
382 210000 85100 224
383 219 1920 2270
384 1540 1060 204
385 107000 257000 428
386 6050 4780 462
387 712 4430 211
388 13000 4610 426
389 228 3610 422
390 1230 28700 1260
391 417 629 624
392 432 633 630
393 247 643 638
394 2120 4690 439
395 707 5550 1300
396 699 1480 834
397 242000 2180 850
398 841 1670 639
399 208 442 207
400 2050 1290 1280
401 1470 650 820
402 1110 3220 414
403 1370 462 201
404 77 100 0
405 1090 2090 2290
406 217 1850 429
407 4410 1630000 858
408 1730 22400 2740
409 76 278 12
410 -1 2060 621
411 16800 73400 14000
412 1280 184 2510
413 6340 113000 1280
414 337 6970 223
415 28 327000 0
416 322000 305 0
417 5590 2390 1880
418 528 233 639
419 187000 68700 20300
420 227 221 427
421 291 1080 829
422 209 824 1020
423 36200000 269000 8840
424 7210 8270 6430
425 82 -1 819
426 878 1290 2490
427 1100 2730 3120
428 1060 1260 666
429 1070 1070 1470
430 425 506 424
431 664 174 11
432 1540 3820 3130
433 665 645 644
434 19000 234000 1930
435 257 260 814
436 1240 778000 434
437 15400 403000 252000
438 462 101000 1040
439 1730 4650 1690
440 492 8260 1280
441 212000 547000 19700
442 624 3000 208
443 9020 1460 236
444 1120 39600 384
445 3910 5720 0
446 4760 16800 1230
447 840 44300 1020
448 1680 677 1070
449 702 679 434
450 430 1930 2910
451 385 1450 1040
452 1320 2520 1280
453 680 2600 0
454 1140 2120 1070
455 353 1670 1660
456 896 2730 1870
457 686 8920 493
458 154000 3950000 3570
459 3550 5380 681
460 834 2510 2890
461 416 240 208
462 655 833 218
463 635 861 647
464 1070 1030 219
465 426 6600 312
466 3100 2980 3370
467 2100 4480000 2770
468 894 515 1030
469 1050 2790 442
470 325 729 829
471 690 1090 1440
472 420 1080 275
473 43500 2340 709
474 2440 2840 1650
475 239 1080 836
476 459 1470 847
477 246 1430 647
478 497 3810 5210
479 105 3140000 3980
480 635 15200 846
481 433 6000 2970
482 643 501 227
483 -1 2130 2310
484 218 -1 1250
485 633 1500 645
486 204 3210 843
487 459 6850 1250
488 211 766 827
489 634 221 635
490 1510 15400 -1
491 1910000 4730000 85700
492 37700 483000 2290
493 435 653 411
494 219 1260 838
495 848 712 652
496 582 29400 634
497 1970 698 2690
498 6350 8840 7540
499 326 35200 8910
500 2720 1990 470
