501 514 1540 418
502 287 16300 1440
503 718 2390 2080
504 16100 15300 1690
505 422 630 630
506 2140 9120 7240
507 919 19000 15300
508 449 1750 850
509 1260 1910000 -1
510 2100 3410 1710
511 6390 14200 843
512 1530 1490 1260
513 721 781 629
514 5300 8690 475
515 1500 512000 1080
516 27 479 2080
517 -1 1790000 411
518 426 16600 853
519 1240 2710 2300
520 113000 119000 10300
521 449 221000 639
522 1060 25200 843
523 216 1460 424
524 1760 1090 1680
525 5490 3480 890
526 7580 20800 7230
527 1940 7620 5760
528 1780 1990000 2500
529 -1 62100 58500
530 1030 2810 1880
531 446 224 221
532 46900 1310 1870
533 736 1480 1060
534 984000 1460 1460
535 1980000 1400 15
536 421 9290 1050
537 3640000 6090 4270
538 4300 22400 2300
539 411 928 1250
540 3 24400 19300
541 219 17800 22900
542 1450 1500 447
543 3210 6140 3850
544 426 1480 1060
545 12000000 8890000 856
546 925 1040 204
547 76800 766000 81500
548 716 1930 412
549 3630 5450 4
550 3060 899 1050
551 640 444 -1
552 1280 699 827
553 5070 6100 4650
554 225 6260 1670
555 928 4210 1700
556 3380 10900 667
557 2010 3380 3360
558 4730 1390 2670
559 1560 7030 2300
560 5080 80800 6770
561 1820 514 628
562 225 1250 638
563 205 707 204
564 135 1310 2500
565 294 242 414
566 2950 2330 1480
567 1040 217 821
568 2500 206000 850
569 7720 4840 3380
570 291 4850 5640
571 2810 1730 2300
572 1290 277 1260
573 418 69300 6520
574 1110 2930 421
575 1590 1530 816
576 1940 1710 1280
577 277000 305000 16900
578 902 6590 2610
579 963 101 22
580 5320 2820 5040
581 1520 2740 2740
582 497 5890 5040
583 448 664 1860
584 4620 10700 7700
585 1510 2320 2110
586 1940 4990 1920
587 1710 1920 1710
588 2120 4140 3320
589 3520 2310 1500
590 1760 2970 3780
591 2730 3140 2060
592 3370 2720 1920
593 2520 2520 1290
594 1510 1510 854
595 1530 2170 2710
596 2940 3740 2320
597 2590 3280 2310
598 4550 1730 3940
599 3130 2310 3730
600 2130 2320 2320
601 1570 2540 3140
602 2120 2380 839
603 110 -1 2110
604 5780 2930 2330
605 2980 2730 3310
606 1910 2100 2910
607 2100 2920 2100
608 2100 2120 893
609 1690 3480 1490
610 1500 8500 1690
611 2310 1700 2300
612 3150 111 2080
613 444 174000 438
614 3390 1500 440
615 1510 3250 2700
616 60 18 10
617 1930 -1 230
618 1490 -1 3310
619 2990 226 457
620 3110 1490 1300
621 3320 2510 1700
622 1910 1700 2310
623 3760 4550 1490
624 1910 2520 1260
625 2970 2530 1310
626 76400 8910 9860
627 1740 1920 1910
628 63000 34800 8280
629 2460 8400 6140
630 1690 1080 1080
631 1690 2090 442
632 1900 2720 1480
633 2090 2900 2080
634 2290 1310 648
635 4710 1500000 1060
636 854 1270 1060
637 92 89 1260
638 1280 2080 1680
639 1280 1890 1680
640 872 1890 868
641 878 1690 2080
642 1700 1470 870
643 1890 2490 2070
644 1080 2510 1280
645 6490 59900 1050
646 1280 1050 1050
647 873 1910 2490
648 5230 13600 9000
649 1500 2550 1680
650 152 110 0
651 889 1910 1890
652 925 2130 1470
653 1980 3780 2710
654 990 -1 2080
655 927 2170 1490
656 6000 7820 6580
657 12400 11200 11200
658 1190 2990 2920
659 2360 14900 846
660 1730 2530 1690
661 2280 2630 1890
662 1310 1490 1270
663 1140 1290 1440
664 1310 1690 1680
665 1600 7790 4020
666 1940 2080 2070
667 4180 145000 143000
668 1500 5880 656
669 1730 1320 1270
670 1520 1900 1890
671 880 1320 1070
672 2450 4780 1240
673 2810 3140 1680
674 1530 1310 1460
675 1280 1110 1070
676 1340 2770 2330
677 1780 10300 883
678 6450 21900 7240
679 1460 1500 1660
680 1700 1110 1270
681 3130 3040 1300
682 7750 1340 2930
683 1720 4130 1670
684 3990 8620 8820
685 1310 91 0
686 941 1280 1270
687 455 488000 1060
688 1540 9440 677
689 250 4810 818
690 2380 6100 1920
691 4970 -1 2970
692 159 4710 437
693 651 647 211
694 1280 237 256
695 497 3380 3350
696 14100 10900 10000
697 222 1660 639
698 75200 1900 849
699 15400 33300 27600
700 2120 4780 869
701 666 4300 832
702 32 18 0
703 6550 7600 7400
704 1180 3440 873
705 2180 355000 2540
706 1370 33 0
707 2980 9610 10900
708 1030 439 639
709 14 8 10
710 15 10 10
711 31 102 4
712 3440 637 207
713 9800 10400 5860
714 4320 3670 3600
715 3130 3000 1060
716 2760 4780 1350
717 1100 1110 1300
718 1110 1960 3540
719 175000 184000 172000
720 13500 15000 13100
721 425 217 628
722 347000 1780000 429
723 650 822 420
724 838 1030 632
725 64 1040 826
726 1490000 1710 1290
727 1670 1870 451
728 42 53 0
729 1060 864 443
730 418 637 208
731 877 1250 219
732 3080 2620 1500
733 1750 1120 1910
734 643 1890 2280
735 868000 -1 430
736 127 1160000 826
737 218 5300 3240
738 701 5850 4620
739 671 4020 2360
740 9580 11000 10600
741 851 2780 656
742 278000 272000 310
743 892 1720 434
744 14800 288 826
745 211 221 416
746 1700 1110 1280
747 760 2130 1900
748 929 709 1640
749 1700 2920 1880
750 869 3110 410
751 2000 7490 214
752 219 1050 823
753 136 163 0
754 8060 2640 422
755 865 910 433
756 223 639 430
757 478 1060 452
758 42400 1930 2100
759 1800000 126000 0
760 642 1640 415
761 1030 4760 211
762 234 1250 834
763 267000 397 414
764 9700 3450 238
765 3680 3210 4810
766 814 415 206
767 293 622 412
768 212 263 420
769 781 220 418
770 -1 208 623
771 231 219 209
772 1450 1270 1060
773 829 1030 219
774 248 435 207
775 414 222 206
776 1460 668 1060
777 8070 1860000 204
778 1100 12500 202
779 256 255 617
780 224 415 618
781 625 420 416
782 2720 27600 2110
783 291 1430 1430
784 5510 2470 824
785 351 494 346
786 423 424 365
787 6840 46800 1050
788 938 2130 412
789 21 205 411
790 12000 19200 421
791 209 216 416
792 7950 211000 9540
793 1920 885 834
794 1320 425 418
795 3950 3160 3340
796 10 785 4
797 4 33 4
798 4 10 4
799 2110 1560 5
800 32 6 10
801 825000 2780 -1
802 10 21 4
803 4 10 10
804 26 11900 4
805 2020000 7260 4
806 197 119 5
807 6 60 10
808 101 105 5
809 1430 1030 637
810 281 50 1
811 1060 1250 837
812 1280 1040 640
813 2560 672 1440
814 890 2970 1040
815 3360 5210 3170
816 669 1110 1450
817 3820 831 819
818 1660 1390 228
819 23200 -1 1070
820 2370 611000 45500
821 23300 2920 2500
822 646 647 432
823 15600 -1 631
824 1670 134000 7360
825 14700 3220 2730
826 722 1150 1030
827 37500 1360000 6090
828 277 238 1230
829 55 668 637
830 11000 1250 827
831 1080 860 1040
832 23800 20300 14600
833 8050 889 227
834 2130 5600 2710
835 15700 14400 639
836 642 642 512
837 3800 1340000 3110
838 1690 2110 1440
839 3170 1910 1700
840 1100 2960 421
841 -1 411 310
842 889 2490 2290
843 1040 60500 632
844 1080 1290 1890
845 60 1140 857
846 1060 1550 1440
847 841 54800 434
848 1850 1050 647
849 1450 21500 11
850 1450 1740 1040
851 11700 3090 1050
852 73100 -1 440
853 2310 471 424
854 1120 1280 1050
855 1090 672 427
856 39 140 640
857 296 246 1030
858 62900 72200 63800
859 1580 4210 3610
860 3810 357000 916
861 7100 5150 4840
862 1470 2150 2120
863 11300 5940 4450
864 4670 6090 4460
865 2800 2190 1490
866 5920 8430 5120
867 10000 1300 2300
868 3180 2090 240
869 463 664 835
870 475 -1 626
871 230 396 10
872 202000 7 0
873 471000 474 629
874 1090 672 628
875 1940 7820 6130
876 1080 1520 1020
877 231 2920 1080
878 2650 3810 857
879 43 72 0
880 486 1290 1680
881 1790 1580 1260
882 695 3130 1500
883 34900 8860 1680
884 9740 1650000 79000
885 221 275000 629
886 64 2820 815
887 3630 8120 5230
888 1150000 13000 3980
889 1140 8670 1040
890 4650 6070 3840
891 555 507 5
892 6150 2950 6140
893 17 19 0
894 632 424 631
895 2120 918 2080
896 832 1840 1030
897 1020 424 1020
898 1500 1880 1470
899 3630000 11000 1020
900 125000 4270 2130
901 1890 859 427
902 453 203 807
903 477 47 203
904 182 223 183
905 1110000 13600000 5500
906 736 7840 6960
907 2340 5310 4220
908 10 16 616
909 212 212 621
910 641 221 636
911 794 127000 208
912 462 432 208
913 17 27 2
914 11 10 10
915 88 13 10
916 15 13 9
917 1400 13500 1080
918 1680 1080 1680
919 1710 890 2480
920 38700 53600 55500
921 4440 4420 666
922 710 1 1
923 1070 434 627
924 1490 1670 1260
925 11 15 4
926 4 10 4
927 69 14200 5
928 768 5 3
929 2 2 1
930 115 221 621
931 48 117 0
932 2 14 2
933 174 30 10
934 338 24 2
935 -1 2 2
936 7 7 2
937 239 239 3
938 74 15 1
939 447 21 3
940 296 761 10
941 3930 8 3
942 8 2 2
943 762 74 1
944 213 25 3
945 12 13 5
946 10 21 10
947 175 38 2
948 7 3 0
949 2750 2740 2
950 46 2 2
951 11 31 2
952 26 13 3
953 760 760 2
954 15 360 3
955 686 5150 2
956 44 118 10
957 9 110000 5
958 54 95 32
959 404 429 1
960 218 26 10
961 255 33 1
962 4140 465 2
963 65 12 0
964 661 185 10
965 100 73 11
966 4850 2770 0
967 599 17200 10
968 7 11 0
969 284 2 2
970 596 5 11
971 199 22 10
972 78 154 2
973 7 271 3
974 468 8 3
975 6 3 1
976 425 121 1
977 680 74 1
978 559 685 2
979 21 41 1
980 747 2 10
981 12 5 4
982 4 760 2
983 26 83 0
984 11 15 1
985 22 8490 2
986 123 203 2
987 461 1530 210
988 660 1500 838
989 3030 1930 2470
990 781000 40800 33300
991 809 206 183
992 633 1460 1240
993 411 849 412
994 337 826 826
995 61400 151000 200
996 626 276 618
997 189 1400 629
998 551 477 182
999 437 648 1030
1000 337 1710 625
